Vertex Count: 252

Data:

-0.067981 0.067981 0.9 0.375 0.75 -0 0 1
0.067981 -0.067981 0.9 0.625 1 -0 0 1
0.067981 0.067981 0.9 0.375 1 -0 0 1
-0.067981 -0.067981 0.9 0.625 0.75 -0 0 1
0.067981 -0.067981 0.9 0.625 1 -0 0 1
-0.067981 0.067981 0.9 0.375 0.75 -0 0 1
0.1 0.1 -0.224584 0.375 0.5 -0 1 -0
-0.1 0.1 -0 0.625 0.75 -0.049056 0.998796 -0
0.1 0.1 0 0.375 0.75 -0.023961 0.999713 -0
-0.1 0.1 -0.224584 0.625 0.5 -0 1 -0
-0.1 0.1 -0 0.625 0.75 -0.049056 0.998796 -0
0.1 0.1 -0.224584 0.375 0.5 -0 1 -0
0.129946 -0.129946 -0.6 0.375 0.25 0 0 -1
-0.129946 0.129946 -0.6 0.625 0.5 0 0 -1
0.129946 0.129946 -0.6 0.375 0.5 0 0 -1
-0.129946 -0.129946 -0.6 0.625 0.25 0 0 -1
-0.129946 0.129946 -0.6 0.625 0.5 0 0 -1
0.129946 -0.129946 -0.6 0.375 0.25 0 0 -1
0.1 -0.1 0 0.375 0 0.049056 -0.998796 0
-0.1 -0.1 -0.224584 0.625 0.25 0 -1 -0
0.1 -0.1 -0.224584 0.375 0.25 0 -1 -0
-0.1 -0.1 -0 0.625 0 0.023961 -0.999713 0
-0.1 -0.1 -0.224584 0.625 0.25 0 -1 -0
0.1 -0.1 0 0.375 0 0.049056 -0.998796 0
-0.1 0.1 -0 0.625 0.75 -0.999713 -0.023961 -0
-0.1 -0.1 -0.224584 0.875 1 -1 0 -0
-0.1 -0.1 -0 0.625 1 -0.998796 -0.049056 -0
-0.1 0.1 -0.224584 0.875 0.75 -1 0 -0
-0.1 -0.1 -0.224584 0.875 1 -1 0 -0
-0.1 0.1 -0 0.625 0.75 -0.999713 -0.023961 -0
0.1 0.1 -0.224584 0.125 0.75 1 0 0
0.1 -0.1 0 0.375 1 0.999713 0.023961 0
0.1 -0.1 -0.224584 0.125 1 1 0 0
0.1 0.1 0 0.375 0.75 0.998796 0.049056 0
0.1 -0.1 0 0.375 1 0.999713 0.023961 0
0.1 0.1 -0.224584 0.125 0.75 1 0 0
0.129946 0.129946 -0.224584 0.375 0.5 -0 0 1
-0.1 0.1 -0.224584 0.625 0.5 -0 0 1
0.1 0.1 -0.224584 0.375 0.5 -0 0 1
-0.129946 0.129946 -0.224584 0.625 0.5 -0 0 1
-0.1 0.1 -0.224584 0.625 0.5 -0 0 1
0.129946 0.129946 -0.224584 0.375 0.5 -0 0 1
-0.129946 0.129946 -0.224584 0.625 0.5 -0 0 1
-0.1 -0.1 -0.224584 0.625 0.25 -0 0 1
-0.1 0.1 -0.224584 0.625 0.5 -0 0 1
-0.129946 -0.129946 -0.224584 0.625 0.25 -0 0 1
-0.1 -0.1 -0.224584 0.625 0.25 -0 0 1
-0.129946 0.129946 -0.224584 0.625 0.5 -0 0 1
-0.129946 -0.129946 -0.224584 0.625 0.25 -0 0 1
0.1 -0.1 -0.224584 0.375 0.25 -0 0 1
-0.1 -0.1 -0.224584 0.625 0.25 -0 0 1
0.129946 -0.129946 -0.224584 0.375 0.25 -0 0 1
0.1 -0.1 -0.224584 0.375 0.25 -0 0 1
-0.129946 -0.129946 -0.224584 0.625 0.25 -0 0 1
0.129946 -0.129946 -0.224584 0.375 0.25 -0 0 1
0.1 0.1 -0.224584 0.375 0.5 -0 0 1
0.1 -0.1 -0.224584 0.375 0.25 -0 0 1
0.129946 0.129946 -0.224584 0.375 0.5 -0 0 1
0.1 0.1 -0.224584 0.375 0.5 -0 0 1
0.129946 -0.129946 -0.224584 0.375 0.25 -0 0 1
0.129946 0.129946 -0.6 0.375 0.5 -0 1 -0
-0.129946 0.129946 -0.224584 0.625 0.5 -0 1 -0
0.129946 0.129946 -0.224584 0.375 0.5 -0 1 -0
-0.129946 0.129946 -0.6 0.625 0.5 -0 1 -0
-0.129946 0.129946 -0.224584 0.625 0.5 -0 1 -0
0.129946 0.129946 -0.6 0.375 0.5 -0 1 -0
-0.129946 0.129946 -0.6 0.625 0.5 -1 0 -0
-0.129946 -0.129946 -0.224584 0.625 0.25 -1 0 -0
-0.129946 0.129946 -0.224584 0.625 0.5 -1 0 -0
-0.129946 -0.129946 -0.6 0.625 0.25 -1 0 -0
-0.129946 -0.129946 -0.224584 0.625 0.25 -1 0 -0
-0.129946 0.129946 -0.6 0.625 0.5 -1 0 -0
-0.129946 -0.129946 -0.6 0.625 0.25 0 -1 -0
0.129946 -0.129946 -0.224584 0.375 0.25 0 -1 -0
-0.129946 -0.129946 -0.224584 0.625 0.25 0 -1 -0
0.129946 -0.129946 -0.6 0.375 0.25 0 -1 -0
0.129946 -0.129946 -0.224584 0.375 0.25 0 -1 -0
-0.129946 -0.129946 -0.6 0.625 0.25 0 -1 -0
0.129946 -0.129946 -0.6 0.375 0.25 1 0 0
0.129946 0.129946 -0.224584 0.375 0.5 1 0 0
0.129946 -0.129946 -0.224584 0.375 0.25 1 0 0
0.129946 0.129946 -0.6 0.375 0.5 1 0 0
0.129946 0.129946 -0.224584 0.375 0.5 1 0 0
0.129946 -0.129946 -0.6 0.375 0.25 1 0 0
0.1 -0.1 0 0.375 1 0.049056 -0.998796 0
-0.070711 -0.122474 0.1 0.625 1 0.200526 -0.979688 0
-0.1 -0.1 -0 0.625 1 0.023961 -0.999713 0
0.122474 -0.070711 0.1 0.375 1 0.316184 -0.948698 0
-0.070711 -0.122474 0.1 0.625 1 0.200526 -0.979688 0
0.1 -0.1 0 0.375 1 0.049056 -0.998796 0
-0.1 -0.1 -0 0.625 1 -0.998796 -0.049056 -0
-0.122474 0.070711 0.1 0.625 0.75 -0.979688 -0.200526 -0
-0.1 0.1 -0 0.625 0.75 -0.999713 -0.023961 -0
-0.070711 -0.122474 0.1 0.625 1 -0.948698 -0.316184 -0
-0.122474 0.070711 0.1 0.625 0.75 -0.979688 -0.200526 -0
-0.1 -0.1 -0 0.625 1 -0.998796 -0.049056 -0
-0.1 0.1 -0 0.625 0.75 -0.049056 0.998796 -0
0.070711 0.122474 0.1 0.375 0.75 -0.200526 0.979688 -0
0.1 0.1 0 0.375 0.75 -0.023961 0.999713 -0
-0.122474 0.070711 0.1 0.625 0.75 -0.316184 0.948698 -0
0.070711 0.122474 0.1 0.375 0.75 -0.200526 0.979688 -0
-0.1 0.1 -0 0.625 0.75 -0.049056 0.998796 -0
0.1 0.1 0 0.375 0.75 0.998796 0.049056 0
0.122474 -0.070711 0.1 0.375 1 0.979688 0.200526 0
0.1 -0.1 0 0.375 1 0.999713 0.023961 0
0.070711 0.122474 0.1 0.375 0.75 0.948698 0.316184 0
0.122474 -0.070711 0.1 0.375 1 0.979688 0.200526 0
0.1 0.1 0 0.375 0.75 0.998796 0.049056 0
0.122474 -0.070711 0.1 0.375 1 0.316184 -0.948698 0
-0.036603 -0.136603 0.2 0.625 1 0.447255 -0.894406 0
-0.070711 -0.122474 0.1 0.625 1 0.200526 -0.979688 0
0.136603 -0.036603 0.2 0.375 1 0.550951 -0.834538 0
-0.036603 -0.136603 0.2 0.625 1 0.447255 -0.894406 0
0.122474 -0.070711 0.1 0.375 1 0.316184 -0.948698 0
-0.070711 -0.122474 0.1 0.625 1 -0.948698 -0.316184 -0
-0.136603 0.036603 0.2 0.625 0.75 -0.894406 -0.447255 -0
-0.122474 0.070711 0.1 0.625 0.75 -0.979688 -0.200526 -0
-0.036603 -0.136603 0.2 0.625 1 -0.834538 -0.550951 -0
-0.136603 0.036603 0.2 0.625 0.75 -0.894406 -0.447255 -0
-0.070711 -0.122474 0.1 0.625 1 -0.948698 -0.316184 -0
-0.122474 0.070711 0.1 0.625 0.75 -0.316184 0.948698 -0
0.036603 0.136603 0.2 0.375 0.75 -0.447255 0.894406 -0
0.070711 0.122474 0.1 0.375 0.75 -0.200526 0.979688 -0
-0.136603 0.036603 0.2 0.625 0.75 -0.550951 0.834538 -0
0.036603 0.136603 0.2 0.375 0.75 -0.447255 0.894406 -0
-0.122474 0.070711 0.1 0.625 0.75 -0.316184 0.948698 -0
0.070711 0.122474 0.1 0.375 0.75 0.948698 0.316184 0
0.136603 -0.036603 0.2 0.375 1 0.894406 0.447255 0
0.122474 -0.070711 0.1 0.375 1 0.979688 0.200526 0
0.036603 0.136603 0.2 0.375 0.75 0.834538 0.550951 0
0.136603 -0.036603 0.2 0.375 1 0.894406 0.447255 0
0.070711 0.122474 0.1 0.375 0.75 0.948698 0.316184 0
0.136603 -0.036603 0.2 0.375 1 0.550951 -0.834538 0
-0 -0.141421 0.3 0.625 1 0.663505 -0.748172 0
-0.036603 -0.136603 0.2 0.625 1 0.447255 -0.894406 0
0.141421 0 0.3 0.375 1 0.748172 -0.663505 0
-0 -0.141421 0.3 0.625 1 0.663505 -0.748172 0
0.136603 -0.036603 0.2 0.375 1 0.550951 -0.834538 0
-0.036603 -0.136603 0.2 0.625 1 -0.834538 -0.550951 -0
-0.141421 0 0.3 0.625 0.75 -0.748172 -0.663505 -0
-0.136603 0.036603 0.2 0.625 0.75 -0.894406 -0.447255 -0
-0 -0.141421 0.3 0.625 1 -0.663505 -0.748172 -0
-0.141421 0 0.3 0.625 0.75 -0.748172 -0.663505 -0
-0.036603 -0.136603 0.2 0.625 1 -0.834538 -0.550951 -0
-0.136603 0.036603 0.2 0.625 0.75 -0.550951 0.834538 -0
-0 0.141421 0.3 0.375 0.75 -0.663505 0.748172 -0
0.036603 0.136603 0.2 0.375 0.75 -0.447255 0.894406 -0
-0.141421 0 0.3 0.625 0.75 -0.748172 0.663505 -0
-0 0.141421 0.3 0.375 0.75 -0.663505 0.748172 -0
-0.136603 0.036603 0.2 0.625 0.75 -0.550951 0.834538 -0
0.036603 0.136603 0.2 0.375 0.75 0.834538 0.550951 0
0.141421 0 0.3 0.375 1 0.748172 0.663505 0
0.136603 -0.036603 0.2 0.375 1 0.894406 0.447255 0
-0 0.141421 0.3 0.375 0.75 0.663505 0.748172 0
0.141421 0 0.3 0.375 1 0.748172 0.663505 0
0.036603 0.136603 0.2 0.375 0.75 0.834538 0.550951 0
0.141421 0 0.3 0.375 1 0.748172 -0.663505 0
0.036603 -0.136603 0.4 0.625 1 0.834538 -0.550951 0
-0 -0.141421 0.3 0.625 1 0.663505 -0.748172 0
0.136603 0.036603 0.4 0.375 1 0.894406 -0.447255 0
0.036603 -0.136603 0.4 0.625 1 0.834538 -0.550951 0
0.141421 0 0.3 0.375 1 0.748172 -0.663505 0
-0 -0.141421 0.3 0.625 1 -0.663505 -0.748172 -0
-0.136603 -0.036603 0.4 0.625 0.75 -0.550951 -0.834538 -0
-0.141421 0 0.3 0.625 0.75 -0.748172 -0.663505 -0
0.036603 -0.136603 0.4 0.625 1 -0.447255 -0.894406 -0
-0.136603 -0.036603 0.4 0.625 0.75 -0.550951 -0.834538 -0
-0 -0.141421 0.3 0.625 1 -0.663505 -0.748172 -0
-0.141421 0 0.3 0.625 0.75 -0.748172 0.663505 -0
-0.036603 0.136603 0.4 0.375 0.75 -0.834538 0.550951 -0
-0 0.141421 0.3 0.375 0.75 -0.663505 0.748172 -0
-0.136603 -0.036603 0.4 0.625 0.75 -0.894406 0.447255 -0
-0.036603 0.136603 0.4 0.375 0.75 -0.834538 0.550951 -0
-0.141421 0 0.3 0.625 0.75 -0.748172 0.663505 -0
-0 0.141421 0.3 0.375 0.75 0.663505 0.748172 0
0.136603 0.036603 0.4 0.375 1 0.550951 0.834538 0
0.141421 0 0.3 0.375 1 0.748172 0.663505 0
-0.036603 0.136603 0.4 0.375 0.75 0.447255 0.894406 0
0.136603 0.036603 0.4 0.375 1 0.550951 0.834538 0
-0 0.141421 0.3 0.375 0.75 0.663505 0.748172 0
0.136603 0.036603 0.4 0.375 1 0.894406 -0.447255 0
0.070711 -0.122474 0.5 0.625 1 0.948698 -0.316184 0
0.036603 -0.136603 0.4 0.625 1 0.834538 -0.550951 0
0.122474 0.070711 0.5 0.375 1 0.979688 -0.200526 0
0.070711 -0.122474 0.5 0.625 1 0.948698 -0.316184 0
0.136603 0.036603 0.4 0.375 1 0.894406 -0.447255 0
0.036603 -0.136603 0.4 0.625 1 -0.447255 -0.894406 -0
-0.122474 -0.070711 0.5 0.625 0.75 -0.316184 -0.948698 -0
-0.136603 -0.036603 0.4 0.625 0.75 -0.550951 -0.834538 -0
0.070711 -0.122474 0.5 0.625 1 -0.200526 -0.979688 -0
-0.122474 -0.070711 0.5 0.625 0.75 -0.316184 -0.948698 -0
0.036603 -0.136603 0.4 0.625 1 -0.447255 -0.894406 -0
-0.136603 -0.036603 0.4 0.625 0.75 -0.894406 0.447255 -0
-0.070711 0.122474 0.5 0.375 0.75 -0.948698 0.316184 -0
-0.036603 0.136603 0.4 0.375 0.75 -0.834538 0.550951 -0
-0.122474 -0.070711 0.5 0.625 0.75 -0.979688 0.200526 -0
-0.070711 0.122474 0.5 0.375 0.75 -0.948698 0.316184 -0
-0.136603 -0.036603 0.4 0.625 0.75 -0.894406 0.447255 -0
-0.036603 0.136603 0.4 0.375 0.75 0.447255 0.894406 0
0.122474 0.070711 0.5 0.375 1 0.316184 0.948698 0
0.136603 0.036603 0.4 0.375 1 0.550951 0.834538 0
-0.070711 0.122474 0.5 0.375 0.75 0.200526 0.979688 0
0.122474 0.070711 0.5 0.375 1 0.316184 0.948698 0
-0.036603 0.136603 0.4 0.375 0.75 0.447255 0.894406 0
0.122474 0.070711 0.5 0.375 1 0.979688 -0.200526 0
0.1 -0.1 0.6 0.625 1 0.991445 -0.130526 0
0.070711 -0.122474 0.5 0.625 1 0.948698 -0.316184 0
0.1 0.1 0.6 0.375 1 0.991445 -0.130526 0
0.1 -0.1 0.6 0.625 1 0.991445 -0.130526 0
0.122474 0.070711 0.5 0.375 1 0.979688 -0.200526 0
0.070711 -0.122474 0.5 0.625 1 -0.200526 -0.979688 -0
-0.1 -0.1 0.6 0.625 0.75 -0.130526 -0.991445 -0
-0.122474 -0.070711 0.5 0.625 0.75 -0.316184 -0.948698 -0
0.1 -0.1 0.6 0.625 1 -0.130526 -0.991445 -0
-0.1 -0.1 0.6 0.625 0.75 -0.130526 -0.991445 -0
0.070711 -0.122474 0.5 0.625 1 -0.200526 -0.979688 -0
-0.122474 -0.070711 0.5 0.625 0.75 -0.979688 0.200526 -0
-0.1 0.1 0.6 0.375 0.75 -0.991445 0.130526 -0
-0.070711 0.122474 0.5 0.375 0.75 -0.948698 0.316184 -0
-0.1 -0.1 0.6 0.625 0.75 -0.991445 0.130526 -0
-0.1 0.1 0.6 0.375 0.75 -0.991445 0.130526 -0
-0.122474 -0.070711 0.5 0.625 0.75 -0.979688 0.200526 -0
-0.070711 0.122474 0.5 0.375 0.75 0.200526 0.979688 0
0.1 0.1 0.6 0.375 1 0.130526 0.991445 0
0.122474 0.070711 0.5 0.375 1 0.316184 0.948698 0
-0.1 0.1 0.6 0.375 0.75 0.130526 0.991445 0
0.1 0.1 0.6 0.375 1 0.130526 0.991445 0
-0.070711 0.122474 0.5 0.375 0.75 0.200526 0.979688 0
0.067981 0.067981 0.9 0.375 1 0.994353 0 0.106128
0.1 -0.1 0.6 0.625 1 0.994353 0 0.106128
0.1 0.1 0.6 0.375 1 0.994353 0 0.106128
0.067981 -0.067981 0.9 0.625 1 0.994353 0 0.106128
0.1 -0.1 0.6 0.625 1 0.994353 0 0.106128
0.067981 0.067981 0.9 0.375 1 0.994353 0 0.106128
0.067981 -0.067981 0.9 0.625 1 -0 -0.994353 0.106128
-0.1 -0.1 0.6 0.625 0.75 -0 -0.994353 0.106128
0.1 -0.1 0.6 0.625 1 -0 -0.994353 0.106128
-0.067981 -0.067981 0.9 0.625 0.75 -0 -0.994353 0.106128
-0.1 -0.1 0.6 0.625 0.75 -0 -0.994353 0.106128
0.067981 -0.067981 0.9 0.625 1 -0 -0.994353 0.106128
-0.067981 -0.067981 0.9 0.625 0.75 -0.994353 -0 0.106128
-0.1 0.1 0.6 0.375 0.75 -0.994353 -0 0.106128
-0.1 -0.1 0.6 0.625 0.75 -0.994353 -0 0.106128
-0.067981 0.067981 0.9 0.375 0.75 -0.994353 -0 0.106128
-0.1 0.1 0.6 0.375 0.75 -0.994353 -0 0.106128
-0.067981 -0.067981 0.9 0.625 0.75 -0.994353 -0 0.106128
-0.067981 0.067981 0.9 0.375 0.75 -0 0.994353 0.106128
0.1 0.1 0.6 0.375 1 -0 0.994353 0.106128
-0.1 0.1 0.6 0.375 0.75 -0 0.994353 0.106128
0.067981 0.067981 0.9 0.375 1 -0 0.994353 0.106128
0.1 0.1 0.6 0.375 1 -0 0.994353 0.106128
-0.067981 0.067981 0.9 0.375 0.75 -0 0.994353 0.106128
