Vertex Count: 36

Data:

-0.75 0.75 -0.75 0.002 -0.00199997 0 0 -1
0.75 -0.75 -0.75 1.002 0.998 0 0 -1
-0.75 -0.75 -0.75 0.002 0.998 0 0 -1
0.75 0.75 -0.75 1.002 -0.00199997 0 0 -1
0.75 -0.75 -0.75 1.002 0.998 0 0 -1
-0.75 0.75 -0.75 0.002 -0.00199997 0 0 -1
-0.75 0.75 0.75 0.002 -1.002 0 1 -0
0.75 0.75 -0.75 1.002 -0.00199997 0 1 -0
-0.75 0.75 -0.75 0.002 -0.00199997 0 1 -0
0.75 0.75 0.75 1.002 -1.002 0 1 -0
0.75 0.75 -0.75 1.002 -0.00199997 0 1 -0
-0.75 0.75 0.75 0.002 -1.002 0 1 -0
-0.75 -0.75 0.75 0.002 -2.002 0 0 1
0.75 0.75 0.75 1.002 -1.002 0 0 1
-0.75 0.75 0.75 0.002 -1.002 0 0 1
0.75 -0.75 0.75 1.002 -2.002 0 0 1
0.75 0.75 0.75 1.002 -1.002 0 0 1
-0.75 -0.75 0.75 0.002 -2.002 0 0 1
-0.75 -0.75 -0.75 0.002 0.998 0 -1 -0
0.75 -0.75 0.75 1.002 1.998 0 -1 -0
-0.75 -0.75 0.75 0.002 1.998 0 -1 -0
0.75 -0.75 -0.75 1.002 0.998 0 -1 -0
0.75 -0.75 0.75 1.002 1.998 0 -1 -0
-0.75 -0.75 -0.75 0.002 0.998 0 -1 -0
0.75 0.75 -0.75 1.002 -0.00199997 1 0 -0
0.75 -0.75 0.75 2.002 0.998 1 0 -0
0.75 -0.75 -0.75 1.002 0.998 1 0 -0
0.75 0.75 0.75 2.002 -0.00199997 1 0 -0
0.75 -0.75 0.75 2.002 0.998 1 0 -0
0.75 0.75 -0.75 1.002 -0.00199997 1 0 -0
-0.75 0.75 0.75 -0.998 -0.00199997 -1 0 -0
-0.75 -0.75 -0.75 0.002 0.998 -1 0 -0
-0.75 -0.75 0.75 -0.998 0.998 -1 0 -0
-0.75 0.75 -0.75 0.002 -0.00199997 -1 0 -0
-0.75 -0.75 -0.75 0.002 0.998 -1 0 -0
-0.75 0.75 0.75 -0.998 -0.00199997 -1 0 -0
f: y
p: ../Engine/data/dog.jpg
